2 2.000000000000000000000000000000
3 1.732050807568877293527446341508
4 1.414213562373095048801688724211
5 1.175570504584946258337411909280
6 1.000000000000000000000000000000
7 1.000000000000000000000000000000
8 0.867767478235116240951536665699
9 0.765366864730179543456919968060
10 0.710978235561246550830725976904
11 0.684040286651337466088199229364
12 0.660152734957922721675778563975
13 0.618033988749894848204586834365
14 0.600884161109362022629266500691
15 0.567962867736951456830766814089
16 0.553185219144344529899886970209
17 0.527421466354574721643738409876
18 0.517638090205041524697797675249
19 0.517638090205041524697797675249
20 0.485163607492511844822024507427
21 0.470331768912710997642393806653
22 0.450478964645534302465138554635
23 0.440024232589267455702324446521
24 0.429953937001232286949050075276
25 0.420802424153413593799114721521
26 0.414235060523768160213886774470
27 0.407631028344393935098817008051
28 0.398808511923260492016206089319
29 0.389211227921075714480725095515
30 0.384782537784570553592550494241
31 0.377964473009227227214516536236
32 0.368360556228273831682910131413
33 0.364517626516333052494698927769
34 0.356445427744242923582241717245
35 0.351051419691791672862212952289
36 0.348022565763742191164389046650
37 0.347296355333860697703433253537
38 0.335464260168754183187070633561
39 0.330148273936900359737469243019
40 0.326592121621675324895438444963
41 0.319488188679441174592234255421
42 0.315119608659921318712143392458
43 0.311529155585273899379203437985
44 0.307785273855688154315506438120
45 0.304279123270352118408815944896
46 0.300743743125050100013369180605
47 0.297434476575627307747608374517
48 0.294495665568689369277429142016
49 0.290407648402876024121331295841
50 0.287872702814938589236646241499
51 0.284595947544599523746821821010
52 0.282297789194496775658322795786
53 0.278567717405939641139614156579
54 0.277624221373626952618380973743
55 0.277350098112614561009170866729
56 0.270873148882889570200703233373
57 0.268557863552383204817645222578
58 0.265796492535781687954456377210
59 0.263417847968738657879421856161
60 0.261567158729821131322131049208
61 0.261052384440103183096812455791
62 0.255435494620083957110708347285
63 0.253409898239367319735985125946
64 0.251194079047640951893093373504
65 0.249457513376617454993308354889
66 0.247027047182805435913903057545
67 0.244828851040588395544180130922
68 0.243020046667704929599817635194
69 0.241844949994830326720992374490
70 0.239645711785178854700425557341
71 0.237648320712640257561793213780
72 0.236019088966150348839054287398
73 0.234182545340898312132405891702
74 0.232849668285112941784469997264
75 0.230626518229613553313633562007
76 0.229105655773787284666289465103
77 0.227300831870993851657704451981
78 0.225791996193734740476745627686
79 0.224591324616950344495907971710
80 0.223011389823558348816165354303
81 0.221954292780854575118555269528
82 0.220974350028590343449953361845
83 0.219373826750326830670757935649
84 0.218590442397638390788944823519
85 0.218266470668610649119178947984
86 0.215083804563331787925723544964
87 0.213601993260680937420709890962
88 0.212036513656736972239096016544
89 0.210515417415762662212514437495
90 0.209510319139413236043238512215
91 0.209056926535306942799668309605
92 0.206512456047160593733851872136
93 0.205479045313394909290662162580
94 0.204540133149700321155136630071
95 0.203247797745105098971988547364
96 0.202363550422211459226542352634
97 0.201235786751371503450568180428
98 0.200413189302948962833221657470
99 0.199339366386962460155125064572
100 0.198370392692893894911756979374
101 0.197103882185996044188608244878
102 0.196138744560121323869473766262
103 0.194834099218853876745044854052
104 0.193842429185104077997349631071
105 0.193000646041582491019902719823
106 0.191904796195572187560862721930
107 0.190984539710971529774508109128
108 0.190041517850955213700513839967
109 0.189355941411156545385052747149
110 0.188379587557532113283815376181
111 0.187567796652780093917987288163
112 0.186823793734782981049011877580
113 0.186089301391695808535858492077
114 0.185267983436375753713197813910
115 0.184510798058600676048367667423
116 0.183541730432250043425269857026
117 0.182757296196254228130952624147
118 0.182057321618915976872645109941
119 0.181121121640164017770611809771
120 0.180420538373055779826173166557
121 0.179778463068130082708600884431
122 0.178501704345675276762045013801
123 0.177361570726414877303632630131
124 0.176651786489033026805996982508
125 0.175928954922245737464628376333
126 0.175175151628970381786478268474
127 0.174496476014355826304346053218
128 0.173879443943
129 0.173104452728533937380050408432
130 0.172408740188050668169104942936
131 0.171679412785173899827900364279
132 0.171123920140555942599669037887
133 0.170426370559425513046958633731
134 0.169902657605732211374936702054
135 0.169287021372490797067494180327
136 0.168552210371191984812683532030
137 0.167863112395520340149197370097
138 0.167205845450946520862599927666
139 0.166541937293195877072228703499
140 0.165840538853160283758361444781
141 0.165190206308857660027130013007
142 0.164657683409549532947744999364
143 0.163969359431387807000101355162
144 0.163294776162903658090874233792
145 0.162910644597426453078518349030
146 0.162189772541718287086414898948
147 0.161850108661663677670089342684
148 0.161460385221687976108987161590
149 0.160829254701488814760822424319
150 0.160503256407181097771677858508
151 0.160305330249544916815078601378
152 0.159594648908551890825153601434
153 0.158836848091075552988497897291
154 0.158266692675055273570452005807
155 0.157807004779908340099142609335
156 0.157277676927
157 0.156580385832978466948292520099
158 0.155966994030906567636753255948
159 0.155470299835726434146416731116
160 0.154802991830510308552466580505
161 0.154209135227672833042752951202
162 0.153725865347335578802506937330
163 0.153078363279221059938183539146
164 0.152559940081251660781293666661
165 0.152156753984957507846908840270
166 0.151679719181833088381322992262
167 0.151296841775027651464214835968
168 0.150855650436944433798541951847
169 0.150428440190066026736911230012
170 0.150024563436
171 0.149614800452793116674355986248
172 0.149067107293746726502027299662
173 0.148684055749618303241304475783
174 0.148226666132423340635287938057
175 0.147749481653219036177803614500
176 0.147339031437986503571988940741
177 0.146902001413841958760308636136
178 0.146456546524
179 0.145986986516068737429925682355
180 0.145570632698534404279916063184
181 0.145129143153876677233716581561
182 0.144728999181439094375288487557
183 0.144241127851
184 0.143828826735555644123888412239
185 0.143491119055562147396685008608
186 0.143254308418419754481381413793
187 0.142968385021
188 0.142564369726
189 0.142155510245158719991217752071
190 0.141807750266267172506078700163
191 0.141419137398223895188756263152
192 0.141148886319676544067926200955
193 0.140851274867911980850977127902
194 0.140435348739791145064376479028
195 0.139985714212888739544224750250
196 0.139635551242271222343200533982
197 0.139204247570
198 0.138986341465371837188928353982
199 0.138867090465668946180464475993
200 0.138281268716480421167184657354
201 0.137738909669736803345224662980
202 0.137286933077
203 0.136880963803579803525979244028
204 0.136588845746282814286215036798
205 0.136137880135334630503251136807
206 0.135735328221921871587734104136
207 0.135407866989104283295355299774
208 0.135027805490500855580872508796
209 0.134772057771593073032954718509
210 0.134419628319841256247952429907
211 0.134205557741
212 0.133910316293777889823774868554
213 0.133601820076169466407133139640
214 0.133173562212591207965167844456
215 0.132907035756
216 0.132580677257504866976175146012
217 0.132304066823269246777692416941
218 0.132017097019810701501170888434
219 0.131846499650
220 0.131370700395273282952232338096
221 0.131071611022930382681208437127
222 0.130730148848
223 0.130402182643739562913480724325
224 0.130134356621
225 0.129839745838839097238435708317
226 0.129463926564887623453417148426
227 0.129129147228484815632072889448
228 0.128824492656895850157073438996
229 0.128512696944699685079148589184
230 0.128276565872
231 0.127967763894
232 0.127675563969452826801334063145
233 0.127450555377
234 0.127337146924539485347869956415
235 0.127286577786121224518488086429
236 0.126787767039698462674020061637
237 0.126569618890
238 0.126367062619630214961703402711
239 0.126075537633802873909244490668
240 0.125829910579796249529119512704
241 0.125667099211599739767634306036
242 0.125307719267437223101490919959
243 0.124998062879726455158667233559
244 0.124728665433947493140792609078
245 0.124419201792096877214189631716
246 0.124162504658590977035655545404
247 0.123976658344038030526737117324
248 0.123592834346064535522287291108
249 0.123312148594897411187322319878
250 0.122986444209
251 0.122734099185549577945046236883
252 0.122510015330357113066990077567
253 0.122354532338
254 0.121997848117
255 0.121624824831823993853797124011
256 0.121313205959902382019441545344
257 0.121080303577
258 0.120931883370
259 0.120675570390
260 0.120475864118416340142348912928
261 0.120284540257303989810252486611
262 0.120066254693
263 0.119843021853
264 0.119750627034296285426653620480
265 0.119465572461122007034793985569
266 0.119217313763766768017599381131
267 0.119066392873
268 0.118822175116
269 0.118605817551
270 0.118432435383801639618004463202
271 0.118135764848
272 0.117930162515135400505003164174
273 0.117679598292611967449952400498
274 0.117415094671
275 0.117215061411673646355757841446
276 0.116935701299597343488685888334
277 0.116712818194
278 0.116414259126
279 0.116161765084
280 0.115969437416
281 0.115739370454
282 0.115558350747
283 0.115339699446
284 0.115211168172
285 0.114937834548
286 0.114749685011
287 0.114498748731
288 0.114323040961
289 0.114210768383
290 0.113969043264
291 0.113856045050
292 0.113672943687
293 0.113489417622
294 0.113351219159
295 0.113280960571342332280486800527
296 0.112977912257
297 0.112804592225
298 0.112616767578543799516788157982
299 0.112452698309
300 0.112276581282371291340798982052
301 0.112085862658694066071099920781
302 0.111783166389
303 0.111546748294
304 0.111341590679
305 0.111103498107
306 0.110923838350194063453360146893
307 0.110743121830
308 0.110468663022
309 0.110245505314
310 0.110023635442
311 0.109826579298
312 0.109687695996316263637429082486
313 0.109547055099
314 0.109372153204
315 0.109276038651
316 0.109086693855804282686292436846
317 0.108887414317895196469993925617
318 0.108745497264122125310834316439
319 0.108552422975021793408824991089
320 0.108394000323
321 0.108201327212
322 0.108017017954
323 0.107829954794
324 0.107708371636
325 0.107531265737
326 0.107404336638
327 0.107243315454992100450015085226
328 0.107091523425
329 0.106923083578
330 0.106767392902
331 0.106606369687
332 0.106424822670
333 0.106256693646
334 0.106077470454
335 0.105903600210
336 0.105713865405
337 0.105538642949
338 0.105319901299
339 0.105147704705
340 0.104972094697
341 0.104828893078
342 0.104705652282
343 0.104639446226986633758110956446
344 0.104403381447
345 0.104325776231
346 0.104196674018
347 0.104044209589
348 0.103975650785
349 0.103942493743661689002022730463
350 0.103631586683
351 0.103475079494
352 0.103319350549
353 0.103166425525
354 0.103035319465
355 0.102907703089
356 0.102721871940
357 0.102576418772
358 0.102444128161
359 0.102300192510
360 0.102128845423
361 0.102059001665406338092823331073
362 0.101833424486
363 0.101712462287
364 0.101566955872
365 0.101408288540
366 0.101283496914
367 0.101141291834
368 0.100909588344
369 0.100734565727
370 0.100558465508
371 0.100382788278
372 0.100268760796
373 0.100141275514
374 0.100037878764
375 0.099888302202
376 0.099810407270
377 0.099684063705
378 0.099554470271
379 0.099450560044
380 0.099324154704
381 0.099182831238
382 0.099073353754
383 0.098917551672
384 0.098763900240
385 0.098596924143
386 0.098485544407
387 0.098327908276
388 0.098213611512
389 0.098075809649
390 0.097931748076
391 0.097818428908
392 0.097701324943
393 0.097569519787
394 0.097437717916
395 0.097315827856
396 0.097188607793
397 0.097054170860
398 0.096926361525
399 0.096810735386
400 0.096679273265
401 0.096566425603
402 0.096482981007
403 0.096294453353121906983297676007
404 0.096135091893
405 0.096045035849911939646976135483
406 0.095959391357117801705987211240
407 0.095869659970590646660690621742
408 0.095807016196403452623531805014
409 0.095747028832308524658629360222
410 0.095594001884654167405257061645
411 0.095519405828
412 0.095419286437268680090478243107
413 0.095295839369747762113718929765
414 0.095212812925
415 0.095165465027
416 0.094998764788
417 0.094910909911
418 0.094804338205
419 0.094702975119457522899909248732
420 0.094628269094
421 0.094608798134108784250306119663
422 0.094295434623
423 0.094112588321
424 0.093955877185
425 0.093853670743
426 0.093731121416
427 0.093609173200
428 0.093476145843
429 0.093356896263
430 0.093234265176
431 0.093084357408
432 0.092957258542
433 0.092860548551930208099820299115
434 0.092693621978
435 0.092589579265
436 0.092496724371
437 0.092354157061
438 0.092273390255461886202160342889
439 0.092170913021
440 0.092073717701576797785500274734
441 0.091989941747
442 0.091877727865
443 0.091782506252
444 0.091686329930034630738279620477
445 0.091578597569618972159861737569
446 0.091496349286
447 0.091386322913840060599706728801
448 0.091310732871
449 0.091207628400
450 0.091132025071
451 0.091018356756950093760148401007
452 0.090938362501987751580905967881
453 0.090891178441173196401596074230
454 0.090692815885857726443468868260
455 0.090602366764347579431461395313
456 0.090486423381285112179162756447
457 0.090378079885076051673345674001
458 0.090296102512872824537921829963
459 0.090205004767810296282682130288
460 0.090031900390798157568829844008
461 0.089920462039739477796675908487
462 0.089870252677
463 0.089736088587
464 0.089628908713
465 0.089513034989128472882306399247
466 0.089417322152
467 0.089330992112789484430884929810
468 0.089214647754
469 0.089097660683692749232647127723
470 0.089008652920089767756920508248
471 0.088910531501061709534894886300
472 0.088839705398181316456189554496
473 0.088717747163
474 0.088630550605373615415680621059
475 0.088592641258927854444707770124
476 0.088492359759751481414271292369
477 0.088458837389803110248877504564
478 0.088408611193834006014848303303
479 0.088364366014830619483663396997
480 0.088331162583514889988626783344
481 0.088317216665865709746502051359
482 0.088110955003235789516716633628
483 0.088023101157173801623316784890
484 0.087947000663795111779461946512
485 0.087855310485648202010477358638
486 0.087782979740481924867251304316
487 0.087694106926243569169307621200
488 0.087582209853461837658267344536
489 0.087532916596510193141967197910
490 0.087453661213038312225560320088
491 0.087347982671597970540425712223
492 0.087245705821370745104984988659
493 0.087177294764
494 0.087090067307
495 0.086994367877895393272056356320
496 0.086908667558221630234286905586
497 0.086772363097618758965157325290
498 0.086750820594
499 0.086727999008
500 0.086464198653
501 0.086296898297
502 0.086158386551
503 0.086059183588599894473438412080
504 0.085956593262
505 0.085877851269
506 0.085762397436
507 0.085659179566
508 0.085561194702
509 0.085473920131
510 0.085418912371
511 0.085317565584
512 0.085216032334998239966759244712
513 0.085178732941
514 0.085067268006
515 0.085048399240
516 0.084904638403520289838356554093
517 0.084857732578
518 0.084757936591
519 0.084713730515
520 0.084660449806
521 0.084458803752
522 0.084409752093
523 0.084324880093
524 0.084262712072005064858424435243
525 0.084211081640166808367083110722
526 0.084166332915490902373967382906
527 0.084096430151499240020328167664
528 0.084055521816319304071852926701
529 0.083937605401
530 0.083878478342
531 0.083783944462513380957098983100
532 0.083678784747689567587271332015
533 0.083605611431
534 0.083524838078263918610894370015
535 0.083440026117
536 0.083344972221155464146419485586
537 0.083270784543236468853182643931
538 0.083199600751334556970330186201
539 0.083110266252
540 0.083048763040
541 0.082928648935
542 0.082834266418882646673618413011
543 0.082773312411
544 0.082673254014262204696618150981
545 0.082585003646
546 0.082532790253
547 0.082478767573799567696479191354
548 0.082322031199316533369847235802
549 0.082247274152
550 0.082198905648
551 0.082073519952439318475065035289
552 0.082025030615558068298466615098
553 0.081986227193349298952149565290
554 0.081936977036114993837808065952
555 0.081899566707478201536867249358
556 0.081815770967906226405224011085
557 0.081732326379912959872242623615
558 0.081658716563007558515518247149
559 0.081628537809435258857142167220
560 0.081592175907
561 0.081530580865824482669607280578
562 0.081487740773452028334822821399
563 0.081411722298739110070525899011
564 0.081388748660198032032976963266
565 0.081380849716142751279610925900
566 0.081237212014851872282444861316
567 0.081134886693854236480569600267
568 0.081056080703
569 0.080978893257
570 0.080927701283
571 0.080830869091040071421402839317
572 0.080728836702
573 0.080667418698
574 0.080611452726594467406363483802
575 0.080550468675617921555262753222
576 0.080403209355556932183060048977
577 0.080362026208
578 0.080287267151
579 0.080197270238178970836607437722
580 0.080168378595
581 0.080006333413385006944670272691
582 0.079950077479491787576181149579
583 0.079922120515200966612429403034
584 0.079759094930
585 0.079672770023793619450630848323
586 0.079545264308
587 0.079479596602834503293522873249
588 0.079419235681905611344893033806
589 0.079368109789228728280126795808
590 0.079363982767
591 0.079287125450
592 0.079207861429058102681745629002
593 0.079128273878265320690304766938
594 0.079069022981849847402395613149
595 0.079010453695631696907617853234
596 0.078974201496185930433457215951
597 0.078886309350
598 0.078790926890690421605800002267
599 0.078739460052
600 0.078691641738
601 0.078582953075
602 0.078521624798
603 0.078455760964494107975258445794
604 0.078401215132873689858140945458
605 0.078359766071
606 0.078277953479
607 0.078220924303
608 0.078183693122
609 0.078110004022
610 0.078074320324
611 0.077991041902
612 0.077943644516
613 0.077879570503
614 0.077813615427
615 0.077724036544
616 0.077648968122
617 0.077587100647
618 0.077521118552
619 0.077415678905
620 0.077409864966
621 0.077308087586
622 0.077218894107
623 0.077147246711
624 0.077090716441
625 0.077016244173
626 0.076947425988456536236643702659
627 0.076921389527844757583189085890
628 0.076880960685646675362871566944
629 0.076834949894569590025498957232
630 0.076822605811432838424061866954
631 0.076815861824080552246847423789
632 0.076682994546210127416300301996
633 0.076645278455785967788163835155
634 0.076595255049984596941884772676
635 0.076507083710613957033509085916
636 0.076467702018502494882767332526
637 0.076455072835296952731026420975
638 0.076315487243220681945775340489
639 0.076297424152662542225456147865
640 0.076229034228
641 0.076139732730277391076073556145
642 0.076090703284095426125763880984
643 0.076026960616677206610079153926
644 0.075936900153411232785870063166
645 0.075908711864
646 0.075837381662
647 0.075796878733776799797917262849
648 0.075748229988
649 0.075739053683164592417672057264
650 0.075649231964
651 0.075577591026
652 0.075476653253603563259879081993
653 0.075477869839
654 0.075407732305
655 0.075371851527
656 0.075254212153
657 0.075187094349
658 0.075136003863
659 0.075060951180
660 0.075029310762
661 0.074944023937
662 0.074869381898
663 0.074798461154
664 0.074721789016
665 0.074664919521
666 0.074600401739
667 0.074520274963
668 0.074436460454
669 0.074402815448
670 0.074374151295
671 0.074293788463880784896316453769
672 0.074234164304142531378052064725
673 0.074184850952014087750996519495
674 0.074114196701244878708290069613
675 0.074080054210971877472181286793
676 0.074053006371057014508508322733
677 0.074012692615
678 0.073950980302
679 0.073863813083414699929390102197
680 0.073848919804
681 0.073764337883999889743439317917
682 0.073701266213291222710024746825
683 0.073667922890055539967071037827
684 0.073655766595681224199371071833
685 0.073586246165900757037615019262
686 0.073562562945470239452445576118
687 0.073515995535579344969968162767
688 0.073461939854496057202536358634
689 0.073427107600902382546802424794
690 0.073408722884
691 0.073266755026964925424260290094
692 0.073206273855025869026679717678
693 0.073148399724751700125778254271
694 0.073103155106829661632947341122
695 0.073039939084914691844379753701
696 0.072996001682
697 0.072927697382206833384622713044
698 0.072847592335843315622307326939
699 0.072829331168
700 0.072794364806
701 0.072680364426
702 0.072629742291
703 0.072591767472
704 0.072520271588
705 0.072462959358
706 0.072439603858
707 0.072373391903
708 0.072286505832
709 0.072230430419475176489030056896
710 0.072213580355
711 0.072120121162591464062710883855
712 0.072078300782
713 0.072048675780138572879380495368
714 0.072020394237
715 0.071992449087
716 0.071942677460
717 0.071898861797416772351816407269
718 0.071872604932259243402396638989
719 0.071815301326808742550029990680
720 0.071801017842
721 0.071766496694538409828529435205
722 0.071678624633425756544466316296
723 0.071662318296042835963996950012
724 0.071619965873203695436699616230
725 0.071541475699951136751323951771
726 0.071514660448567956332326209937
727 0.071524401763590616767183997760
728 0.071397648957504129877963889483
729 0.071355792636230508966176498340
730 0.071334615440
731 0.071274943843491676770900070436
732 0.071212048648612991282301778214
733 0.071149590927970802468392557451
734 0.071111100178002470956712634645
735 0.071078149924663640083964253394
736 0.071003629360161566201897928812
737 0.070970909874
738 0.070911906070177680104745915068
739 0.070857015297421243289604243948
740 0.070817909858
741 0.070763839996
742 0.070715567234581762321551580013
743 0.070683625867
744 0.070631780314948225899368966230
745 0.070630169398932094184805816719
746 0.070490918969110017636114689838
747 0.070430291784718531295988352107
748 0.070367423080489147265843492203
749 0.070317499343938875443266842822
750 0.070248249713
751 0.070184161924114774470028282346
752 0.070115158248186080460093546797
753 0.070066961290658696732517459630
754 0.070013819268232219493601333279
755 0.069983555885
756 0.069923456275790139340546943682
757 0.069898592801409159418982672344
758 0.069850322113269947322307713169
759 0.069818473099643123603693986110
760 0.069800912584
761 0.069724820638738597990375553148
762 0.069688846805777936998746729232
763 0.069648524557
764 0.069608366700
765 0.069552912877420288998175450535
766 0.069518078203186180541820845469
767 0.069460515065601395132264869437
768 0.069423903749502118456509942659
769 0.069374036141994632745937664866
770 0.069344381413
771 0.069297872453646622315489097986
772 0.069253310255541555558469815326
773 0.069199889736739788958593580139
774 0.069187379778
775 0.069119277997869713225411599943
776 0.069068876712266564629028379314
777 0.069027202903988250139581539188
778 0.069005832536
779 0.068961134737190033477671020436
780 0.068932534828
781 0.068899292661176465455517299424
782 0.068852100502661775089751201888
783 0.068848866135633397699600838331
784 0.068747582594595213102409323558
785 0.068718520859819626238839868199
786 0.068675194559174897018015676622
787 0.068618287375147287886899777569
788 0.068571226463343361944560932202
789 0.068531293192670996321531388516
790 0.068453309494
791 0.068408301567568098656056100997
792 0.068338182790789421987296771096
793 0.068302826487521393060929141543
794 0.068253104542701726605013885137
795 0.068194902575788575150822494624
796 0.068166505751
797 0.068102049235
798 0.068048670650589930426371179148
799 0.068006079546050253086967045829
800 0.067984974833
801 0.067920517536151672011631543421
802 0.067888340618498752884095955419
803 0.067812270513250594451946059860
804 0.067792527040659835397309154357
805 0.067785290551320894798464929406
806 0.067694698933817289145567778431
807 0.067676348143347093021365156147
808 0.067642991660967323850369992464
809 0.067589069460306618881323825778
810 0.067577444738
811 0.067546878751316819628721473007
812 0.067485839491898067409590604268
813 0.067463824104208170596884546054
814 0.067432112655796370947099040245
815 0.067374255089914250360582502448
816 0.067354081196828987457148587347
817 0.067356814846568314167397264298
818 0.067298983556
819 0.067254409276568315231271022003
820 0.067229187443
821 0.067142678780609801677946425037
822 0.067133002330669473899562834028
823 0.067134937385
824 0.067048226132633320070204854328
825 0.066994929112977842832442189096
826 0.066961180431993680768413299784
827 0.066914969206663366758764871002
828 0.066908418941
829 0.066842233870251648288361263429
830 0.066823118021
831 0.066773966744736049262528800729
832 0.066718882978249957217347118120
833 0.066687645395477211202587325166
834 0.066643381208537869429521502742
835 0.066600943826330007039624721501
836 0.066542840361125575895760260984
837 0.066507516898597144533589327895
838 0.066473359452173003656082087999
839 0.066422682974644267119039780887
840 0.066402257548
841 0.066354635117946099111011362324
842 0.066319018956642550380950566277
843 0.066275751905112545809918037392
844 0.066241477928465776711696885895
845 0.066207421922863906535363329340
846 0.066190672212
847 0.066178919819231233582690239289
848 0.065980323350076808411386633362
849 0.065946601929783176667207423741
850 0.065912500489
851 0.065850096479265112816056779199
852 0.065821515458480873131413744000
853 0.065780749253732965034638801584
854 0.065758911403297412857279190066
855 0.065722830752738055498084306416
856 0.065702026615785484289726726763
857 0.065656188561141652579181697978
858 0.065620259231767598631281909522
859 0.065582669318308491401611760780
860 0.065558535282
861 0.065512173811
862 0.065452877210359780467803824138
863 0.065416814099246136427061977700
864 0.065385235688811521590944097352
865 0.065336542700989461043730694126
866 0.065293684592117444762444403968
867 0.065266674466516061138621068778
868 0.065237394482194075547480536856
869 0.065211431410929787180114084665
870 0.065200106494
871 0.065145109110164358804195895974
872 0.065140541972
873 0.065099880855
874 0.065035644311269206911215325988
875 0.064991388205130747521206522868
876 0.064955546247046927500811472025
877 0.064951083629
878 0.064883265374170550627504010116
879 0.064879199631
880 0.064837567110
881 0.064779434485467715708602122450
882 0.064748381311773616584348985796
883 0.064705369275829724254409121481
884 0.064649663587981042759364148819
885 0.064616555503583606940849324940
886 0.064576470235394707412604853143
887 0.064529895618290236417637233906
888 0.064516169481
889 0.064452766644276675599202153751
890 0.064425011202
891 0.064373661548867225537020513755
892 0.064339673136
893 0.064288754597272022790870111166
894 0.064240891234520707316131219704
895 0.064207159687155415895305043948
896 0.064172262745633001570694904215
897 0.064135146955926666482307616761
898 0.064089274690601445759818117612
899 0.064070323289
900 0.064061594777
901 0.064031837657280629427382583808
902 0.063972257979879949971711308177
903 0.063953532397156605742579033994
904 0.063919624025069061943851733636
905 0.063897925250832256355560641350
906 0.063884363817766077402085261089
907 0.063858629303907066209714872307
908 0.063814324088042703332032234010
909 0.063778122455799597576565916372
910 0.063763599070
911 0.063750991347613016083730916326
912 0.063731905948061843156971476253
913 0.063729338311902270496368755660
914 0.063546418111403992476751566705
915 0.063520448781069472638072031806
916 0.063500458718995557261916481247
917 0.063481630632899971626535728626
918 0.063450741719363185843697817969
919 0.063413707665475943223935535278
920 0.063422090882
921 0.063360293546273425735001235089
922 0.063331717133607681910112668660
923 0.063314003971
924 0.063284018307
925 0.063232119610992114281259333945
926 0.063179621707333054730361557982
927 0.063158451102331716721038847688
928 0.063136392464557486629830691739
929 0.063115361481162453303150248563
930 0.063099899770
931 0.063075602541796154122633350585
932 0.062995210574827698004802997570
933 0.062963030255205009957748966058
934 0.062924643815896372982889862462
935 0.062879112156008811572140081443
936 0.062827181891128994022006552391
937 0.062776300005397754092996505541
938 0.062730179866859345759549984361
939 0.062707717667518242267833914148
940 0.062694004293
941 0.062610728011958439562410230728
942 0.062561486168560483791899997688
943 0.062542465699257278124328196320
944 0.062458926021656739125143408638
945 0.062494337001
946 0.062391846246845247508293445494
947 0.062340796559645359287950803922
948 0.062317625746508572860210782814
949 0.062290550295905141367535820803
950 0.062298922475
951 0.062233023443533750072539869864
952 0.062204053522842121692348503083
953 0.062165158126852803975530160034
954 0.062146481911007323631943398444
955 0.062156533958801944428832666620
956 0.062084807839639994156810696577
957 0.062056788092439105139324472239
958 0.062017809318537297563582158852
959 0.062009295477001299144146048831
960 0.062004943941
961 0.061925131504162829165815786718
962 0.061890963852565852519757507699
963 0.061862598384649538122903140202
964 0.061881255367
965 0.061809476180978695737011399623
966 0.061778449857228564169837671271
967 0.061731988482512252474047143606
968 0.061709395616878382528994713270
969 0.061687167703364730869128284715
970 0.061685430728
971 0.061629474264190406229450987562
972 0.061599515055476323309437915848
973 0.061560718179268669325198422414
974 0.061546699412482453849896349238
975 0.061529812226081434310377677284
976 0.061492087923272617509372207096
977 0.061489990077
978 0.061433624473540894960605270599
979 0.061400667840076929505989318373
980 0.061382086440
981 0.061309923379681469976464000796
982 0.061273153320285722689928975083
983 0.061248655002554344484075492458
984 0.061220040725297822896087641290
985 0.061202742931630051438161513072
986 0.061151117448449770026280121969
987 0.061115810192758728925821104584
988 0.061082538844553426973147824388
989 0.061040900100717501329964869960
990 0.061044870101
991 0.060972419759812032607823778885
992 0.060949911543167856716886043281
993 0.060909094983953688846370466069
994 0.060874832739467858964984534105
995 0.060833549028266489250766598242
996 0.060784855658127544953101351764
997 0.060735911946046635912328268895
998 0.060724807412716891045120319459
999 0.060701520702369537194333232431
1000 0.060711948104
1001 0.060643575121209066325209283203
1002 0.060640588045989102562853438723
1003 0.060639658702970881747639476627
1004 0.060547362890170518551503122553
1005 0.060524789256987057576939461050
1006 0.060514158167806386037705443134
1007 0.060505400349615463117792613143
1008 0.060479676749726052544801421620
1009 0.060463935511437729686825355853
1010 0.060417331365892235983658673992
1011 0.060397830947734093367873553260
1012 0.060389129993407161522930289264
1013 0.060356376212198351315926818941
1014 0.060342778934248248088177427158
1015 0.060350287781604436560736227103
1016 0.060231201435577566382540295406
1017 0.060221197164752057666555182826
1018 0.060180382375032475201658595064
1019 0.060165656225614812506353522204
1020 0.060155010345429980490723095134
1021 0.060130449728311609850370409546
1022 0.060110172328812520525086159987
1023 0.060075149595011192089796405766
1024 0.060043202961586068043258372367
1025 0.060026153265252998204659891393
1026 0.060011365211051160499982848461
1027 0.060008336428284122819798998705
1028 0.059845169214991241084830880038
1029 0.059821463064179531888429035566
1030 0.059793265155716418492492005963
1031 0.059758397303638480815328189595
1032 0.059734558133281849118509517134
1033 0.059706093914965263411108540559
1034 0.059677486841191047644108956700
1035 0.059663028296463004630816134595
1036 0.059638736141935184144483944484
1037 0.059626239552735133086915879987
1038 0.059613482021100271590973331148
1039 0.059608325712301380386318695932
1040 0.059525671545490998091293749411
1041 0.059491751512361974586096457277
1042 0.059477421417709197994221609005
1043 0.059459400506513072860264731020
1044 0.059455404782564060864321990445
1045 0.059455502681923834733698722117
1046 0.059248645433188779377167717904
1047 0.059239992508558434715241814521
1048 0.059212656201001704422870976799
1049 0.059169764194225064313420824784
1050 0.059152225456036013452290290204
1051 0.059138437912724682134605292836
1052 0.059123798419689296087597094363
1053 0.059109195505574362509914365809
1054 0.059069592962092470079925456451
1055 0.059047623635207263761835470054
1056 0.059021043072103783559444935003
1057 0.059000036163065534660723454324
1058 0.058949924216280309038392471309
1059 0.058932294052091450385340008770
1060 0.058919210012895373533141553436
1061 0.058904523794534235781663447733
1062 0.058876451037776568676582752259
1063 0.058847147216901275489029169972
1064 0.058820085081496347390120431820
1065 0.058788792820524265301147181595
1066 0.058756245753316085176354012065
1067 0.058721624378064330381413466800
1068 0.058706700693671546699249050948
1069 0.058682280887269442952891446739
1070 0.058638698861800493159754402046
1071 0.058591801192071577392698735356
1072 0.058560999470734176573895991096
1073 0.058544737428430987224664951814
1074 0.058530871961172179726998265158
1075 0.058518464235357370465985361052
1076 0.058509793447358407985973534439
1077 0.058503344422864397228272869220
1078 0.058486197912488806581572867124
1079 0.058445512665521278696067550702
1080 0.058416322429018949607719309093
1081 0.058380942596150307907065758098
1082 0.058353800113106177098910259528
1083 0.058322105334577491206822288861
1084 0.058264907080835438380761877465
1085 0.058261231799355743452376840665
1086 0.058202958593822578462836962543
1087 0.058181371891957297532297546519
1088 0.058151030358241774508699010283
1089 0.058140712535975619028655083386
1090 0.058162006641919997061657228152
1091 0.058150518913365073525100349091
1092 0.058124932629047572294021066630
1093 0.058054259306438821002565808804
1094 0.058017484592245213576653375233
1095 0.057967001753292330358328811467
1096 0.057949501626599122614305675278
1097 0.057914400714003068198221467594
1098 0.057888061276336205459265485723
1099 0.057847345687167265300498514564
1100 0.057824232124134724399723171851
1101 0.057781726818958023588662494978
1102 0.057741770788398289736522057484
1103 0.057720863884857473223688947105
1104 0.057688414705588979259516985885
1105 0.057655654471896378904702513196
1106 0.057644775922298012898079283255
1107 0.057631209225530787144678537906
1108 0.057607860947870313242259689403
1109 0.057585787499040441183746006435
1110 0.057561151975536542785823660293
1111 0.057609876110886888141614549935
1112 0.057515779180556227432620853306
1113 0.057488477274162660741821879627
1114 0.057454724704940297559050822852
1115 0.057442047624839998820245048306
1116 0.057424092354883396526599058216
1117 0.057407986279574309441386743735
1118 0.057367416025914124137188611774
1119 0.057365759207904021602937326541
1120 0.057358003996809061887538734326
1121 0.057346943006898390470802399749
1122 0.057331027162929836335302610864
1123 0.057314862554579827806684798463
1124 0.057231854655936355789945546975
1125 0.057218704062357471356299353215
1126 0.057183627217454309176099404815
1127 0.057174433008377318182278452931
1128 0.057165574532342278549311767075
1129 0.057147663451074811383952644042
1130 0.057102572254053244974279752473
1131 0.057086068277401488707822403593
1132 0.057067181705384935574455294531
1133 0.057046753911083457358989826058
1134 0.057000715403645098417044955462
1135 0.057057024241385133241093767030
1136 0.056953560085361867604790974466
1137 0.056930050120140567101403395423
1138 0.056890456358234259332357349159
1139 0.056867232889760033033171027247
1140 0.056836512969871320854533789032
1141 0.056795766602131935651390561193
1142 0.056766606371410157190193821751
1143 0.056734030432881522688370562015
1144 0.056724511875172893082634841875
1145 0.056674367263632686805993841560
1146 0.056661282874027133045607241993
1147 0.056669932827025895373268673428
1148 0.056579041480937390989528519625
1149 0.056541323276194868085426993306
1150 0.056528295601234146859191983359
1151 0.056491105867509703781356997933
1152 0.056471653702419509645117081637
1153 0.056452519884757953728346876447
1154 0.056447341126948251283654759978
1155 0.056391789048812828235847055983
1156 0.056385649188445949472116113302
1157 0.056349887462526836242823082927
1158 0.056320495856994853934785863941
1159 0.056364846828717232133425279550
1160 0.056272550461810210179675161701
1161 0.056257736108761817970760664696
1162 0.056245043815853168837615111776
1163 0.056229462405167961997729350915
1164 0.056205108131026399429275765223
1165 0.056208459509531448940453139975
1166 0.056187431107808070590879768593
1167 0.056132127610372841413238778044
1168 0.056114448305362951808072637652
1169 0.056100440550099244321184109752
1170 0.056082443629607520786025322273
1171 0.056081377907530117254746972803
1172 0.056062710711314554675744061634
1173 0.056003413433172360243123563969
1174 0.055991469299464683113263765252
1175 0.055959379218982283936488150220
1176 0.055945820352206263283545528699
1177 0.055922510108545344587787319247
1178 0.055901239468924442647138783617
1179 0.055882440454157825713065509703
1180 0.055847271055060071730406719624
1181 0.055805686639165174421600544144
1182 0.055750230140875119943808440162
1183 0.055738198093719726335934136786
1184 0.055698857605091202172449709999
1185 0.055690008334411338882932374127
1186 0.055656297394764747149413941471
1187 0.055640357926761028183555372863
1188 0.055594949420428654982910567954
1189 0.055572518095746345027190409081
1190 0.055592129386335194916366957120
1191 0.055573290232063986894842661457
1192 0.055545007017597290966277682385
1193 0.055533358581272410054436479553
1194 0.055497325715935253841254992592
1195 0.055475148358397004570075019752
1196 0.055457532555894350771671950938
1197 0.055451606063260603276242688579
1198 0.055426175796115745860665904871
1199 0.055407644183154765411162038319
1200 0.055383005430630363878333277272
1201 0.055355902361206483980496400338
1202 0.055327852721545971362517943191
1203 0.055304126915988351947214420646
1204 0.055267287031195262082651203071
1205 0.055245755110390748071068901303
1206 0.055199895656910413625477029712
1207 0.055182288332741294586144479703
1208 0.055155617684312958868362649315
1209 0.055127265733905921538391906559
1210 0.055143429573094386255997783031
1211 0.055075234613367179317483413197
1212 0.055083328924112166201490645654
1213 0.055027650360144554699814506274
1214 0.054985572889514788523449925558
1215 0.054976427552686922258367986232
1216 0.054955840327854413200529594353
1217 0.054939927854870038046910494157
1218 0.054925025003026338379587977821
1219 0.054886076012839918866116993914
1220 0.054876230882421017375048682388
1221 0.054855151703008964658775676558
1222 0.054835260654245699402426893308
1223 0.054822522266641390152879156526
1224 0.054803906621644198247604422680
1225 0.054854187659101889708904098198
1226 0.054756439908070881137098866553
1227 0.054716505798842593115064060483
1228 0.054709395210235164051205546585
1229 0.054684270176385195097846118916
1230 0.054661136992345319138501936139
1231 0.054650295836075040295294174781
1232 0.054631093098821126867069261698
1233 0.054614096714585634813432472559
1234 0.054592672004098910091288853972
1235 0.054564965315764814408093192912
1236 0.054547165712530189619163328052
1237 0.054595354626771921527159784610
1238 0.054496059397140531494307323055
1239 0.054477573810083496505220614159
1240 0.054449543054854542880404802717
1241 0.054419468515168407852635905329
1242 0.054396580739218000606442315541
1243 0.054389456223900869655917173935
1244 0.054370724133058751860492101549
1245 0.054318992393511614217258138389
1246 0.054283315002616426306266172343
1247 0.054272558101661812550617614104
1248 0.054233487748786364645544435502
1249 0.054295638794792360703443652697
1250 0.054167463280251166479709902121
1251 0.054147481013872725479481334758
1252 0.054120501679380412603533264991
1253 0.054112648581482514859152715994
1254 0.054070971741432109028025328159
1255 0.054117504093052455697394758045
1256 0.054035628327443918522284517754
1257 0.054019995653303302806771686566
1258 0.053997172622883500094924703086
1259 0.053972133321787991585063202454
1260 0.053958645308812122844167218736
1261 0.054081136622430930403520626160
1262 0.053916726155896308103030269077
1263 0.053907101265048915294942817308
1264 0.053877956543094533683169985809
1265 0.053869273804399327572436898447
1266 0.053840410031129581503488813895
1267 0.053816119901872880254034085534
1268 0.053786503719298217562471792015
1269 0.053768095768083643348545646745
1270 0.053755749332810149789611490915
1271 0.053743353808134085051905030645
1272 0.053732366601148686092012902473
1273 0.053729534355021286774595387646
1274 0.053702547630392282155094431885
1275 0.053658477855244402187900777718
1276 0.053645712665301344029624789542
1277 0.053631006164520964105453802460
1278 0.053617622883808316892430250671
1279 0.053591971582881330503829646922
1280 0.053568474251075237054691574220
1281 0.053557267077870944612666229230
1282 0.053544216333879297412759518640
1283 0.053508528358787452976046365179
1284 0.053469583911483336055960426271
1285 0.053510522841523754909910879702
1286 0.053440496479057285177297131632
1287 0.053419985600266572895561437957
1288 0.053391609750655614224987258279
1289 0.053378994959140890816672371063
1290 0.053353863040912012010101896101
1291 0.053323712245565592757774270470
1292 0.053311059593292527054751138236
1293 0.053295418993314958470326517391
1294 0.053284346623422024445516288404
1295 0.053237205260275501175061801406
1296 0.053232892472605929201134294657
1297 0.053213625231741201438959479879
1298 0.053192496961310427612059803056
1299 0.053165000185384429904120155006
1300 0.053184746977470955831644970876
1301 0.053139254449373467474872479715
1302 0.053126988934884160932876628269
1303 0.053121996207825297968853498417
1304 0.053109939450340316526487585335
1305 0.053091387084942258204952794671
1306 0.053065565487008135087472611786
1307 0.053048012670493634105568956467
1308 0.053028409646988872967779109863
1309 0.052997460271995463025936667699
1310 0.052964982131706749109435483853
1311 0.052957259459676636064934500659
1312 0.052939641270149403031522768027
1313 0.052907395454365373252386604734
1314 0.052869563632151987312700669365
1315 0.052857270055609388692679064515
1316 0.052827180578013881873719034444
1317 0.052815440063061777093003249750
1318 0.052798159953555926759615351964
1319 0.052784858021963527204446318224
1320 0.052764206083479835830354122420
1321 0.052750491068052749171143399572
1322 0.052713465624222171275935077811
1323 0.052713968966830372468842334041
1324 0.052685938135578886803276523873
1325 0.052645011151614641682685585103
1326 0.052627850918658586356591489299
1327 0.052602197684283849838934884841
1328 0.052585661635378498348407667922
1329 0.052570006671753960807770828880
1330 0.052557160062584258176760446804
1331 0.052534046748882217934735898172
1332 0.052515520126332673620556991861
1333 0.052486560101286249104376548646
1334 0.052452173900629937699621724913
1335 0.052436876967305594341988265464
1336 0.052396551232786022706540325119
1337 0.052400083960682449817003388038
1338 0.052384621038258421750710814648
1339 0.052382063937284205259991672964
1340 0.052327815180790182817466603696
1341 0.052321627986741500161787553274
1342 0.052318246809152237115926494194
1343 0.052304921546860406767933195561
1344 0.052270394438663027422079939419
1345 0.052361888031330027204291246656
1346 0.052205096932470806267479337183
1347 0.052192322066375737598453927190
1348 0.052167757233433501886944170870
1349 0.052158131481276381236169850979
1350 0.052133928616316932470126935819
1351 0.052103619613638180821990396366
1352 0.052105261305066333480833647536
1353 0.052104218202843876419304778845
1354 0.052030951962487167064319428205
1355 0.052090734340317148772609685887
1356 0.052076043904081548466436669250
1357 0.052062517157148762484008204167
1358 0.052054800741141190935973338348
1359 0.052021580693633479293528969142
1360 0.051990865156112089290905078882
1361 0.051970540958691530247597670407
1362 0.051957459399520377726316146656
1363 0.051925191098841928907433723416
1364 0.051848677659909661030967467868
1365 0.051825925978162391404057273463
1366 0.051818678873481913484347476792
1367 0.051858415852990407270075226692
1368 0.051831266045662283983469606064
1369 0.051896791185701242508236942106
1370 0.051757471084411678329656627563
1371 0.051744735872235502845599999780
1372 0.051727073029797181803866662181
1373 0.051693324828023165118570476478
1374 0.051668564991515082146412920365
1375 0.051669195968334922130683502016
1376 0.051645346563575710944925094499
1377 0.051626386189475754064518072691
1378 0.051629618986609496568827111142
1379 0.051618745995848535935332515948
1380 0.051601331542751658773924618176
1381 0.051615731479858546473442707598
1382 0.051539265348826825094594614092
1383 0.051513861610389460839011232368
1384 0.051485656993989184213411110900
1385 0.051461602057115114425103964056
1386 0.051444430621925873336602658114
1387 0.051420807457669293567345800093
1388 0.051403405573634488528792692567
1389 0.051397683525873246077680527651
1390 0.051370336963659056606982219657
1391 0.051347051648218629460586671438
1392 0.051323282011955524731846258980
1393 0.051346306445860259853847071422
1394 0.051300333763880144145778069395
1395 0.051269605915868699278644641874
1396 0.051264699135803689579633392007
1397 0.051232977334094325338235494575
1398 0.051241827252771470937725055665
1399 0.051218629088391169143288115816
1400 0.051197947697965586787270593672
1401 0.051187992520473326762634175742
1402 0.051167761442820835767154455795
1403 0.051144327181045567368533608731
1404 0.051127944037862869752478552278
1405 0.051112540111273920832751884478
1406 0.051080237845038887798121549734
1407 0.051055363170487219207210100487
1408 0.051051177614698460549925387753
1409 0.051031834442094350181124099876
1410 0.051016375198542318080972928290
1411 0.051017942584722390503848035532
1412 0.051009984114536960241028985320
1413 0.050965357851447645837608365945
1414 0.050954019954482743187844047731
1415 0.050944361986175158468974840083
1416 0.050926448108631400379352624357
1417 0.050911284934472610496810316311
1418 0.050894440553571635859979184384
1419 0.050883728606435066902287457499
1420 0.050867305642772455336805073212
1421 0.050833647961813970837805634313
1422 0.050827413478349421996708675102
1423 0.050812069211226337061949513332
1424 0.050773775863080859269506861094
1425 0.050752723830258809628557098504
1426 0.050748747051713639324340193339
1427 0.050733617857155135820754734612
1428 0.050714011037180426662202648669
1429 0.050702712932584799189763267711
1430 0.050677153384984484976783296252
1431 0.050656204838389654415804033937
1432 0.050652920274035746448880701320
1433 0.050634245390454513100895769323
1434 0.050613101824216774388917429162
1435 0.050592264227781057273626667815
1436 0.050580419060041514988631246666
1437 0.050551761090925314974296587997
1438 0.050537345372377862744345870371
1439 0.050518443435049097002065687214
1440 0.050503859975093286563656936916
1441 0.050501655942034970787323103253
1442 0.050480445763748162415200631645
1443 0.050467051919663357270315483557
1444 0.050436969510307303651253781458
1445 0.050420902783980611699308709002
1446 0.050394047982974182318429648237
1447 0.050368496440761860919915850881
1448 0.050346992163729937319362055629
1449 0.050324420486322531048026567838
1450 0.050308661244016417804669245811
1451 0.050295636132208068182060086692
1452 0.050283558573522973171873448392
1453 0.050261109346407232819453027946
1454 0.050250851544946890769930806780
1455 0.050205583480821402351281537628
1456 0.050192026601347895862755008536
1457 0.050159761082089144915247123543
1458 0.050139671964590566555843135574
1459 0.050128374183482533922025715365
1460 0.050108651821223372258979196428
1461 0.050115558996845996764343368849
1462 0.050103415419419948439155615424
1463 0.050083517709362327984546552275
1464 0.050057434064732407852454020830
1465 0.050062264954681121117298414269
1466 0.050050122206937343706312699002
1467 0.050033813875068554493997592394
1468 0.050018257439007057755542635234
1469 0.050009381410024681008327171098
1470 0.050009546428385505729670816011
1471 0.049961108069176615023072130225
1472 0.049968630506807264375171454848
1473 0.049949218677889625633211173942
1474 0.049939902336368951127906522762
1475 0.049932182588850701125355101329
1476 0.049913397050457802837475490535
1477 0.049911480626835275115738055472
1478 0.049888952281447673923019696614
1479 0.049869501810375998223219269126
1480 0.049865309571663296289663615439
1481 0.049833995622644318675547521000
1482 0.049825281434640559014630653757
1483 0.049822361554116147148050623696
1484 0.049778771614518753378521467593
1485 0.049759751115077242062910119248
1486 0.049737455477977760856487499926
1487 0.049726479995395457629797170772
1488 0.049711728776747311514215937729
1489 0.049697236941484185227414311123
1490 0.049674767900662078986556130318
1491 0.049664426607553003627541624424
1492 0.049639609318859933455741525735
1493 0.049630627472387630633490273949
1494 0.049602426489526984288900764359
1495 0.049606792839981695918146083735
1496 0.049575583187914704369876684897
1497 0.049540485835384958050269216161
1498 0.049534373320441036261916698637
1499 0.049518177414542767322297769958
1500 0.049489413170612950573565717156
1501 0.049459676373048314039299557585
1502 0.049443186714533476644423589821
1503 0.049442267788358560609374104062
1504 0.049437803911564284116036690670
1505 0.049413560136563209991393830398
1506 0.049401973060780005638256553821
1507 0.049395176986668911977772034885
1508 0.049344166030715271501013771862
1509 0.049316628281544708884360190297
1510 0.049278435180277159959984545234
1511 0.049248059801873862632792247521
1512 0.049245959359466581298022535963
1513 0.049216466134326115440956205798
1514 0.049205347851741318636242669778
1515 0.049199833714105469189442888289
1516 0.049187653842980681753875053222
1517 0.049182755108718570411718229476
1518 0.049162485766015304614874224673
1519 0.049153483499881735957408514202
1520 0.049122664221274450526396781079
1521 0.049101739209806613348860465730
1522 0.049088439891600066996331508563
1523 0.049074660916764638538641578258
1524 0.049056582755071080692030713305
1525 0.049039152673899194672613611598
1526 0.049019147439440220184347200329
1527 0.049014089847426002837703704246
1528 0.049004394587142603405315088487
1529 0.048993821397251259583479033224
1530 0.048970822893568599433102260463
1531 0.048961431644495864000125613250
1532 0.048938936577162755614568193312
1533 0.048932922916430686545104294898
1534 0.048918829117696910126065733130
1535 0.048904443595527132149621957618
1536 0.048878955292919515939083213000
1537 0.048865532797037040846909903585
1538 0.048836984602061837475812187694
1539 0.048840788319966972464104839761
1540 0.048824958631091990232119172074
1541 0.048801138162780376875443033133
1542 0.048773416053598584500222004667
1543 0.048757370060346221828358456275
1544 0.048739584657426046617582324631
1545 0.048725675567027747632612662803
1546 0.048710163033484381901273089783
1547 0.048690187516477134996615727964
1548 0.048676851611947295545052728569
1549 0.048670580442423618982316704274
1550 0.048654723743952266468571917897
1551 0.048640362092154993257377404482
1552 0.048633552806057725575666811986
1553 0.048622143440502615500430024523
1554 0.048607584380275730902725457332
1555 0.048590483116815530340153022392
1556 0.048575009040851780292773675231
1557 0.048539829954261299080275148377
1558 0.048537753889596284785349066420
1559 0.048512353375206217244924317539
1560 0.048500616363314369618032019567
1561 0.048496066450087586893892596150
1562 0.048473186099721805401995213748
1563 0.048464800976223232755641528944
1564 0.048452675342664082992029908314
1565 0.048444087230221370314989231549
1566 0.048412135358695369270276396280
1567 0.048393777934766504792640388153
1568 0.048376686859697987570631817647
1569 0.048373913277168443231506973359
1570 0.048361973010302333347901458069
1571 0.048336898763993786279235194346
1572 0.048313202830193199996856105128
1573 0.048275443361027681678561906141
1574 0.048264079022176464702500613797
1575 0.048247418290707431497190722654
1576 0.048223275890455186196256771466
1577 0.048205940658636984594581100450
1578 0.048176206727444033718494837606
1579 0.048181744843450846605804732276
1580 0.048146384896758765531905560757
1581 0.048146311438028443877368523444
1582 0.048144367188970337791464337541
1583 0.048121639589412832045702385492
1584 0.048093256955169059526157836848
1585 0.048081192633564243429535041982
1586 0.048051572652450321210101267738
1587 0.048041731404965039404328392865
1588 0.048019514800618832757894812127
1589 0.048058880155673687703061293546
1590 0.048043280368646114102371661670
1591 0.048036375198553814091727209029
1592 0.048024629143754517593877003793
1593 0.048015134344909008023904551276
1594 0.048011204298243226294229352144
1595 0.047997886598412681334508883615
1596 0.047980287327802054572295840624
1597 0.047995657177778778846129638667
1598 0.047962155296085800123925531673
1599 0.047948246759685285403546764565
1600 0.047918687566894175322301256643
1601 0.047908962350100629710152381505
1602 0.047894122065798888868237200848
1603 0.047866058331663838523862924660
1604 0.047845215883340710427838170016
1605 0.047841077110557209769365958322
1606 0.047836673705134775242311354961
1607 0.047819743292345471020129308948
1608 0.047807234058878572863081640175
1609 0.047775657286456629101347829759
1610 0.047775044594455513433382648774
1611 0.047770148387854815466526465679
1612 0.047760523453101832153431905303
1613 0.047747250131155442469778444779
1614 0.047743278424350803532353340064
1615 0.047735005242230064158362329300
1616 0.047699971348703617323887743496
1617 0.047691847849538404149348505053
1618 0.047687032106332937702070515545
1619 0.047664682182220028803102604407
1620 0.047626862421346548892604341934
1621 0.047625012238192960414973450380
1622 0.047610879386442469681673919255
1623 0.047601389803668158387619777459
1624 0.047585243905402411914740892046
1625 0.047566290751951510427745536529
1626 0.047576856034059937509048847904
1627 0.047570685904929828909920516043
1628 0.047493064824234685784295821270
1629 0.047491832919066047473114852166
1630 0.047482267053443442278696606109
1631 0.047465539248145317472146186732
1632 0.047442026855275294530941315812
1633 0.047437316918906472606654291865
1634 0.047411161602488428005213462505
1635 0.047390272455731907111864434926
1636 0.047377062302753692271812580551
1637 0.047360047797406596077965177889
1638 0.047359488888049207911773720195
1639 0.047363872958171234131243187642
1640 0.047311970707316686799200888134
1641 0.047291111642685747419414407017
1642 0.047263667229683846421612414124
1643 0.047247945467231587926375988608
1644 0.047231810527050332355572782310
1645 0.047212200876135844369780271866
1646 0.047201658622488162137319344660
1647 0.047175026098096457102692697471
1648 0.047163938348434631166806137928
1649 0.047149482633989479310906835580
1650 0.047141703270813725090818960459
1651 0.047134477511440981688227033579
1652 0.047092542179389723392396852437
1653 0.047085792495491670180482705671
1654 0.047069490106513510119492718896
1655 0.047049955978354406130204753596
1656 0.047040541796545966090174955662
1657 0.047022292852518670830344596110
1658 0.047018497329697254404306473984
1659 0.047010489931803664385066869328
1660 0.046981408211403862066750287753
1661 0.046965780707857042030780477930
1662 0.046956504547655165789482432266
1663 0.046956487694551048325718380471
1664 0.046952598290483002083961984234
1665 0.046927052221384864715939179249
1666 0.046917534541731966220754865075
1667 0.046914614480136312387532581925
1668 0.046884129577862993101803282586
1669 0.046877138628081570057601241737
1670 0.046850192835312624624204273498
1671 0.046830534542445590861374210907
1672 0.046824111038144618007676994477
1673 0.046808088655770124903002014107
1674 0.046801159745126314079667163120
1675 0.046792874970795968359699756926
1676 0.046783185206541894728048063827
1677 0.046768243222770836133435115875
1678 0.046753822316842050799677766534
1679 0.046730375013006340909920815459
1680 0.046713010079401145243091106915
1681 0.046709228830169772511948303483
1682 0.046701846293118749961897604545
1683 0.046672367599990435721765428183
1684 0.046668852138165683889370325649
1685 0.046634737216314313091424144056
1686 0.046625173567406951130626790787
1687 0.046619859042750706892232496897
1688 0.046618891235580844350153171280
1689 0.046618598255093498866010593962
1690 0.046595966442520560900573969107
1691 0.046584837325381422940459093704
1692 0.046566552306745141582390339987
1693 0.046544624708024258404184873561
1694 0.046539640288599502607528305862
1695 0.046512309885603228651265920286
1696 0.046491959359578177660422123579
1697 0.046486175234175251891181290734
1698 0.046468214181839799450238263899
1699 0.046460177040784592269611798114
1700 0.046443343651040342824292832390
1701 0.046430106642227569451235879355
1702 0.046421264964518568646135924908
1703 0.046418759637946944138272032362
1704 0.046376701634024974564895909623
1705 0.046375383388384199301330302802
1706 0.046355999509511879193480357586
1707 0.046341609299399996640184771418
1708 0.046329711894227401407603907454
1709 0.046308196771067738865210259445
1710 0.046293886015642168133141326113
1711 0.046292596134391399933315758513
1712 0.046268898822853377848354013416
1713 0.046252686766433366430769728035
1714 0.046244950223838485723686503026
1715 0.046221192373394711791337626426
1716 0.046207914184851083778515627286
1717 0.046201863412432842835186790099
1718 0.046183900778127820659254334850
1719 0.046179420317691430572804171599
1720 0.046177110042020404513091772449
1721 0.046175843559940336559512933127
1722 0.046175687486776829808229648195
1723 0.046175149248440950734420495354
1724 0.046129472292041443856538831265
1725 0.046098980443283946373790168750
1726 0.046085293773865599724744106456
1727 0.046075890741400236981893250686
1728 0.046064526609015090482838605432
1729 0.046058317165359074508468734246
1730 0.046041770769037645642093389716
1731 0.046027955722247008426818514446
1732 0.046014974894099701903201190011
1733 0.046011522932072212942613311436
1734 0.046002229871840179468317554193
1735 0.046012573013473497273116178867
1736 0.045995643120311403939268126900
1737 0.045987523731117321436224880911
1738 0.045978896997171556221366419040
1739 0.045972178941766709339581210570
1740 0.045963236813754648629709441857
1741 0.045953359041883565979751700677
1742 0.045932562246410915628846286320
1743 0.045921921567058246273175450328
1744 0.045919649706043803002701171836
1745 0.045911743171055090382643818717
1746 0.045892455966682519727282237483
1747 0.045881248915154804333245029253
1748 0.045874555312232736673716891594
1749 0.045864101584105295328400748795
1750 0.045843232605832984241360757502
1751 0.045830295521991464865545437767
1752 0.045814437402515206993372566958
1753 0.045797971349510964400596670867
1754 0.045795073819278560078440516923
1755 0.045781541661642049644068343681
1756 0.045765459251232376334331026709
1757 0.045748636207531750378346047545
1758 0.045724398986246691779771910149
1759 0.045739733350156964987761265253
1760 0.045698561819645635073174697828
1761 0.045674660978138266166504176319
1762 0.045664287910830573060211760254
1763 0.045657895172732041160697239811
1764 0.045653652466090658347342200137
1765 0.045650808415403851012571357051
1766 0.045625595024092036406499448032
1767 0.045601523108746811893657986835
1768 0.045592773529112909605583199827
1769 0.045584131550532141699620981147
1770 0.045574228456622533779686904448
1771 0.045540968445629336999517165752
1772 0.045521003391864079143169821044
1773 0.045474248851584654576054943834
1774 0.045473578879475299660921418397
1775 0.045463362541240774650928024318
1776 0.045454720607110309166081928750
1777 0.045449432335728349325657378497
1778 0.045415026192049465556212607704
1779 0.045385665019484313154832931780
1780 0.045384086860197868223578801098
1781 0.045364997592005443303651778829
1782 0.045338129351193057984176316830
1783 0.045336418871370289114665749950
1784 0.045323875002516199982648618003
1785 0.045319077468432482723628325128
1786 0.045317130911829132496899049336
1787 0.045315038279484231245577522471
1788 0.045314254219677416145126347585
1789 0.045314979465318062719459848294
1790 0.045266875774467109160008433775
1791 0.045242590958325829554626404045
1792 0.045204856341797272824073038606
1793 0.045185141199649595628108243927
1794 0.045166145442015120494009538399
1795 0.045164215809579476967173631935
1796 0.045149737917405280156389026035
1797 0.045137796051632943095440979468
1798 0.045123410360287273522900918986
1799 0.045112044368522482811755910511
1800 0.045105193247555708862381244680
1801 0.045087342245697221527439192995
1802 0.045080650554640354583067530277
1803 0.045072272966228834916404583682
1804 0.045056718318944750670028289257
1805 0.045044932953893355888169727737
1806 0.045036346302361675562775720715
1807 0.045029026979168483305957041260
1808 0.045027241687937248217589542724
1809 0.045005675022031108205524453833
1810 0.044998797236877805493181366071
1811 0.044987386140892507749989009043
1812 0.044977413001491673092424852201
1813 0.044961375024389445219704219905
1814 0.044948982418810207292469354434
1815 0.044942410018203312885336396112
1816 0.044924883657811650296584157060
1817 0.044915875235927500162878926851
1818 0.044906945503516987513340124045
1819 0.044887893978661758292378928095
1820 0.044875414192874904920079315226
1821 0.044862832690233692612862408106
1822 0.044858564295603701730175632048
1823 0.044844985007226276286375261934
1824 0.044834227187028966659925091214
1825 0.044825590460930443220962604485
1826 0.044816168677881850453183544373
1827 0.044793533118065135400452909785
1828 0.044774819636021950148997745854
1829 0.044770274636454777175570473910
1830 0.044768831246967740718996498240
1831 0.044756571363926266842046459124
1832 0.044746475894501232564110323373
1833 0.044739901946757756470112923345
1834 0.044719702383525212247057462520
1835 0.044717924940995259279273640114
1836 0.044705181299957319988320869620
1837 0.044691716600042964351924613792
1838 0.044676335601830783570328305288
1839 0.044665040726755116360145287279
1840 0.044655460516568635530332690135
1841 0.044649178310568532755815721121
1842 0.044637242311659577285936090867
1843 0.044631166473751186590311703000
1844 0.044613736024110859849520378175
1845 0.044575164725774485582226899255
1846 0.044565626238688547735439239125
1847 0.044561677073568293507473047963
1848 0.044534604992620150290204886701
1849 0.044513178400533216761033923049
1850 0.044492738372634218009691262971
1851 0.044480144810136632746352437811
1852 0.044463554135362673549437350806
1853 0.044442697979743747331540607694
1854 0.044434613300821419035542852726
1855 0.044408832901695335532091815288
1856 0.044401293227969791949567104455
1857 0.044396637151284393039611119697
1858 0.044384847621058056069905925090
1859 0.044372523827745548199905477704
1860 0.044371170471055984541339618594
1861 0.044366042385051066708043308605
1862 0.044365117375735631437836318007
1863 0.044360222350640983068569896748
1864 0.044359755958108247441663792188
1865 0.044359189921766981420335456781
1866 0.044358490139055009080031561471
1867 0.044367835762524647572338052735
1868 0.044322664959542295081617720226
1869 0.044318806175988869855964782066
1870 0.044290598279896372244584633443
1871 0.044280355555030553397584835250
1872 0.044254006183098448999988671204
1873 0.044253051161127130911535202780
1874 0.044251884953023641372681137170
1875 0.044250030917338329524761824355
1876 0.044241040115941971588747048588
1877 0.044226339671685750023687554416
1878 0.044223361700663040521369740120
1879 0.044221540398948773619641565301
1880 0.044194065280442316390835644389
1881 0.044178824855538536666381284211
1882 0.044170005254750962469076015173
1883 0.044164494941757554213629857581
1884 0.044149388105060429270304552578
1885 0.044148244303640755062350916222
1886 0.044130844262681678154627693599
1887 0.044108547342475043044719068780
1888 0.044105100935663834920330822107
1889 0.044104780936355532528556261078
1890 0.044095988901489724960028201762
1891 0.044107687552572859883730846413
1892 0.044051211228102518766203455427
1893 0.044016405866918872291356824710
1894 0.044013652453564900295817178339
1895 0.044002905865720800332741319787
1896 0.043998353840341362009023969942
1897 0.043982656676486108011647391101
1898 0.043969876003538436003592326406
1899 0.043953983779745872736905483936
1900 0.043937347819730045582167071479
1901 0.043934018797219740815177387328
1902 0.043913404898540127510850724988
1903 0.043911067040392676637718773827
1904 0.043900534587574223142473954046
1905 0.043892241004686210570813977924
1906 0.043886149472227123137314309829
1907 0.043873575619102522535693100701
1908 0.043858069436453732805661842232
1909 0.043856132025154174940189951564
1910 0.043854410253682787142956143372
1911 0.043848505597557903440168585123
1912 0.043838497985735601641594399874
1913 0.043828501733893480168750297493
1914 0.043816611084645960440438981499
1915 0.043811155498587349171867505546
1916 0.043760739418375472082578979636
1917 0.043750319185831783582458458972
1918 0.043732172411922618884677841371
1919 0.043721434536825943017245469982
1920 0.043717583763620314355957283716
1921 0.043712211450632079514799466408
1922 0.043683152041006709444687410625
1923 0.043669016772115630941184072928
1924 0.043651664731814782842705501035
1925 0.043633759074740288955302525937
1926 0.043623255601090334532905509479
1927 0.043601573764845679249832636745
1928 0.043600272923440706696175587558
1929 0.043585019740693303727398221348
1930 0.043554236961736312319071939087
1931 0.043555929717419294624430235992
1932 0.043542469076519143870276953399
1933 0.043539439028922780839881009152
1934 0.043529699857052833884019100868
1935 0.043518409678512421128972801116
1936 0.043499740784523471699109260322
1937 0.043491206524923809353035087752
1938 0.043477972430059484114635433537
1939 0.043465308174806141247473518344
1940 0.043461003560270037296519315558
1941 0.043453632757228737516732666184
1942 0.043449229705879943962391894280
1943 0.043426012700046405748760921091
1944 0.043419141627688764595977453573
1945 0.043391664264513096636207983140
1946 0.043383179164798820440997349628
1947 0.043379238214646156619047047193
1948 0.043369929702193923995316073432
1949 0.043357559452391659020113290718
1950 0.043349152472030384772209127773
1951 0.043333924000075614346496396519
1952 0.043315325408061917884252433375
1953 0.043307786284069489430693141526
1954 0.043300642948589606989459032434
1955 0.043265059336439871336679277565
1956 0.043263606063139566416448722676
1957 0.043255983776912051062899163669
1958 0.043248451439661621052321196949
1959 0.043240151447741861846808291038
1960 0.043229373302911326380048779418
1961 0.043211382937140688458797884085
1962 0.043208647585039365794222079715
1963 0.043199220825984008596936947267
1964 0.043185399996873048652954288999
1965 0.043182495568609563815988292175
1966 0.043166494405057909035320275476
1967 0.043142253670408926888258460914
1968 0.043138989042203144181057862050
1969 0.043130184277207776718227275307
1970 0.043126281590706820049598412130
1971 0.043110402091097041265308186037
1972 0.043100027604739878000084570315
1973 0.043086702072397812818024814339
1974 0.043084493711565706440371456695
1975 0.043068388771906350536792626599
1976 0.043059104259076448623336111882
1977 0.043043245207600072992037351278
1978 0.043035200301294024817411487979
1979 0.043019179291981301704584773171
1980 0.043014783886905188288966266717
1981 0.042996423640618123304988446903
1982 0.042985948777021729098203934124
1983 0.042968572553242856308728816357
1984 0.042963666755043086903740607854
1985 0.042952653325712771120207156359
1986 0.042937695591073699135420355730
1987 0.042931434533911215830585610118
1988 0.042920247202506209645728588187
1989 0.042907440534737625854776911325
1990 0.042902022607551622711754368388
1991 0.042888935276404368922498682563
1992 0.042878111310479425322195484157
1993 0.042864313729969586774620369811
1994 0.042847325835905094652357554876
1995 0.042826488584009760500686467792
1996 0.042815716454106452193990269174
1997 0.042809583548219747544534619715
1998 0.042796829611585076987769682918
1999 0.042791198340248608975680460627
2000 0.042786246024869119083685967919
2001 0.042768457129112566144670579130
2002 0.042755611748371350748757783398
2003 0.042742002128422062484816524606
2004 0.042728422594067484438072574521
2005 0.042722049198155104803389417891
2006 0.042715136663987243063075870453
2007 0.042710942817527675808807787532
2008 0.042699063399536896229081772756
2009 0.042698025184373389925329352612
2010 0.042696373619003935346766399879
2011 0.042684474897027616803354099965
2012 0.042684157124843621867906213735
2013 0.042673146812768101963903860839
2014 0.042670584437532658340268293248
2015 0.042669120057018264454089174414
2016 0.042666274452850543514975023095
2017 0.042661636850359483907653396645
2018 0.042642604492089683247189392595
2019 0.042633864615744202787343328651
2020 0.042625028161149065207191738448
2021 0.042620719530506842629947410301
2022 0.042613855228487971860284996291
2023 0.042599207548484665083642602044
2024 0.042588584497512024528611527124
2025 0.042577039199651348114114744338
2026 0.042575433738626681355379492158
2027 0.042575241590146691633241962462
2028 0.042574520294665853026496583174
2029 0.042574094859641145963020300501
2030 0.042531314397725199380258713116
2031 0.042516289624467007677927698308
2032 0.042487925194502784508231387241
2033 0.042477799885909154765368588551
2034 0.042462479531405537302537398048
2035 0.042454106324585774806319081445
2036 0.042440197435643760747561770862
2037 0.042413808818264535152883181929
2038 0.042402097627494207379233176153
2039 0.042396568324212229042965102239
2040 0.042389004488781822245550137858
2041 0.042375680139757290362639519409
2042 0.042363248249246292818816083888
2043 0.042350892770446135641443340459
2044 0.042337188950636703946183797468
2045 0.042334062460492830597107231290
2046 0.042333567382004082096026460000
2047 0.042328582717893916427494888868
2048 0.042323061369333990351457302857
2049 0.042312253021968518494607661635
2050 0.042308720206752771996405271246
2051 0.042306357351691565477761053308
2052 0.042304847276354331851617102799
2053 0.042303752941766960233740889336
2054 0.042265076363761427879475728484
2055 0.042253158192868602985071469024
2056 0.042236107759147947318695461062
2057 0.042221081029423406866433414331
2058 0.042195937024464145760247025370
2059 0.042190547630728891851295510134
2060 0.042179090794989619916624446337
2061 0.042165612123478356325309782960
2062 0.042148869108891597373077259168
2063 0.042147127011434974001875421132
2064 0.042138390386389835279563349316
2065 0.042131989402165095626366120901
2066 0.042122092112796039623030682660
2067 0.042111459049652137315600293298
2068 0.042099813299707701441664147273
2069 0.042088556450524300005454536259
2070 0.042070130703413730362156172425
2071 0.042065866903627874327705402878
2072 0.042053021784808967534268119664
2073 0.042048739486955790425046528814
2074 0.042046626236960065788248358247
2075 0.042043593363299166390832028435
2076 0.042032913218359219293761776299
2077 0.042037542289163256848521309936
2078 0.041996604379726703557128231231
2079 0.041993022784270554393154152421
2080 0.041960863565085711004211469156
2081 0.041943200708437744771693242602
2082 0.041941309620767194242030038417
2083 0.041926865284852401849804827127
2084 0.041922473035560959589913986101
2085 0.041911475352823311582158389430
2086 0.041903341527408699632656369727
2087 0.041892093761456892486183865858
2088 0.041886715935647605401633266396
2089 0.041878681132829297649507369820
2090 0.041870005367120688013513341672
2091 0.041859964340565768137820413662
2092 0.041856971457518949675849237892
2093 0.041850426315975010352394482278
2094 0.041841294053454120631998814340
2095 0.041818315226527818153226473527
2096 0.041817277227718930871371179593
2097 0.041801530645055618492378103354
2098 0.041790448582256310844399214165
2099 0.041771941180525141383895440052
2100 0.041762551389627489265896411078
2101 0.041758778435226965669605208829
2102 0.041751079065011491332240608722
2103 0.041732432999448753638535880994
2104 0.041722182162477247189961372474
2105 0.041713178420102880098018190933
2106 0.041709914385365268138297940825
2107 0.041694986923535685520707232935
2108 0.041684894887746425275029963081
2109 0.041678968880103223731258512256
2110 0.041658464608209988384094575544
2111 0.041662566231807369617031389226
2112 0.041657991140159191975141332468
2113 0.041636768732081789369932981845
2114 0.041627670854999235685010785365
2115 0.041623585336801744672619005441
2116 0.041622972783566476899241717677
2117 0.041601483190200671534451485503
2118 0.041591688829502396675660738585
2119 0.041583311748598966443831991761
2120 0.041579542070458032040518012557
2121 0.041576689221259242977815469016
2122 0.041562735114380623322651436705
2123 0.041553134300762840688624404157
2124 0.041549407081488769645147240800
2125 0.041544353064936265119677166999
2126 0.041527923832356921597478025651
2127 0.041525582593257924689500682912
2128 0.041511520661864454711771182497
2129 0.041501734509056455867331782769
2130 0.041496961969248400862067785168
2131 0.041477491845300590849025670973
2132 0.041460066409889775026100292245
2133 0.041452338414058253667231851762
2134 0.041446020344838075426502063290
2135 0.041435785258312460436178021825
2136 0.041426061928334655575164024436
2137 0.041419131123900838083644807228
2138 0.041398176487995781384552413108
2139 0.041389495328160563466912224797
2140 0.041384190038914827776053746381
2141 0.041382565094002657145417297542
2142 0.041363272683021528212360471534
2143 0.041333881281321478234085086615
2144 0.041322784599833703495752158907
2145 0.041319012437050225012830571096
2146 0.041311486418186364398888120542
2147 0.041291300100957306815398472962
2148 0.041279069604346115361364627794
2149 0.041275344995179722372886033844
2150 0.041265607138874553637170147211
2151 0.041265105691010105461528856363
2152 0.041249160758359378709128001521
2153 0.041222542953466061323225437615
2154 0.041214801217515982499522921537
2155 0.041212252593998514947982811635
2156 0.041204015203734931941648604668
2157 0.041191579597987188467613280254
2158 0.041187053722608196786794748604
2159 0.041186076365286836351196042396
2160 0.041184272730145684082116818493
2161 0.041204792125295936247061029801
2162 0.041156155897034177955612026876
2163 0.041150012160931702373834313184
2164 0.041123999349382327682908812097
2165 0.041136825672983206055740389643
2166 0.041127958249713951481590331863
2167 0.041124648257317156046108164139
2168 0.041114407527726710870495865707
2169 0.041104246931254452833835378258
2170 0.041092597946190443178053965673
2171 0.041085641575965842333403303803
2172 0.041082315343940779444887524414
2173 0.041072210690066422671293010485
2174 0.041062538165813149052552963562
2175 0.041048218799963925147337513092
2176 0.041032891016209455413635975762
2177 0.041032372099628276143471360333
2178 0.041028442552202474024301482608
2179 0.041019396088401335370516620218
2180 0.041015471228126379806301362684
2181 0.041012255267374357052522568367
2182 0.041005679340430789935517132675
2183 0.040994631549592989364864982123
2184 0.040986393774298214827797962417
2185 0.040986242291959694629653824471
2186 0.040975948263968510084519342992
2187 0.040969208705747069179506431599
2188 0.040954075551914748873117968103
2189 0.040949714420396320325407287352
2190 0.040938483168415558498054509600
2191 0.040915167459941867810422038758
2192 0.040904051876968287134762629551
2193 0.040903709926042012408118941260
2194 0.040900598097802653000971606146
2195 0.040881637732755452154028940796
2196 0.040875958733616016455585777911
2197 0.040873484940996424310018742227
2198 0.040854579447894313871173920699
2199 0.040838482517821971869266057467
2200 0.040830051382119558707288286032
2201 0.040818744231886283820424558442
2202 0.040800849643722468933277918068
2203 0.040791370962932955714934650958
2204 0.040789621804015148130395776941
2205 0.040781222619444738464886394884
2206 0.040778128041325892881921651040
2207 0.040777250514532866566483956159
2208 0.040768813208893831434671467360
2209 0.040772394879717942596710533150
2210 0.040736354340034004536459485397
2211 0.040726576957561412510107884622
2212 0.040707421461161593712567891509
2213 0.040698973238838040043238449783
2214 0.040691089845399057994767856115
2215 0.040681756280408444947617899054
2216 0.040650681550905532510753114954
2217 0.040645458274820152301845472762
2218 0.040628817309028737842298246359
2219 0.040628644578010680572979254969
2220 0.040623864852711058357554891131
2221 0.040619923748982723136770514195
2222 0.040596326370236164535943885093
2223 0.040583944693853441505754728906
2224 0.040576580501860521739877966689
2225 0.040561858772943101473465822063
2226 0.040549502133308854342026795267
2227 0.040545375241679921367672250910
2228 0.040529624533762544966520404505
2229 0.040515889641563687985245869478
2230 0.040505396376638763078028567131
2231 0.040492421408526070555812122044
2232 0.040491666413533677182886443769
2233 0.040500442986953299109644451721
2234 0.040464651633073017014600920521
2235 0.040440967743469910265272113327
2236 0.040431933986435347582134629692
2237 0.040421161856594078142349194983
2238 0.040419105048453526963226240514
2239 0.040413791598216365453457868762
2240 0.040413409496104926565724446463
2241 0.040400086627848778919365512847
2242 0.040399629946962861609699489492
2243 0.040395700832277851244131873189
2244 0.040392087972310513891638086125
2245 0.040386540613846762895725442085
2246 0.040362591070953974617369816444
2247 0.040357639042633549099200663393
2248 0.040348592057871788195623880748
2249 0.040347123427006505399484865510
2250 0.040337880046397057890354844082
2251 0.040333688916019714168474281877
2252 0.040322494364700193086644615359
2253 0.040306157496111816634365062121
2254 0.040286933998365395312404214818
2255 0.040280820604790917168410624439
2256 0.040278756223067686749371718728
2257 0.040257545166265873338116112408
2258 0.040250895937451244795404963752
2259 0.040247406265700972875921943776
2260 0.040226039898510022639383284808
2261 0.040221574063700640260107070965
2262 0.040217032854493501259107914570
2263 0.040212176039764681962882046953
2264 0.040211670139251427288842334755
2265 0.040201979335518527355395619940
2266 0.040199467894798153130913095901
2267 0.040187662734524199189464702686
2268 0.040169551483158635992992143878
2269 0.040149719574840417139099327459
2270 0.040146447460622913584912856169
2271 0.040139759990650864113113822824
2272 0.040129632794330931645127233262
2273 0.040115245862461052423945960392
2274 0.040111085620249715639326541747
2275 0.040091346902937579057098101151
2276 0.040082335712336366321797182125
2277 0.040052220561752825015155704947
2278 0.040048822631162391071409465514
2279 0.039969236180058614192109526175
2280 0.040037274089014175609138131279
2281 0.040037409290862661148902914883
2282 0.040031215894201944321810472881
2283 0.040024124269793484242709678766
2284 0.040006823784793602254399248507
2285 0.039946734770633818195554576867
2286 0.039942525930913135790441386995
2287 0.039982559088808491206124260583
2288 0.039970359050810406462785071254
2289 0.039916827648596303002704975960
2290 0.039909660680907287010956887397
2291 0.039898180047247535343367196273
2292 0.039953480612521750433048539688
2293 0.039939550691919262428255112415
2294 0.039923626531331296325595554540
2295 0.039914078041202624981545716965
2296 0.039904831166229676382538620910
2297 0.039892460248401299578247731349
2298 0.039890090686696860439780126777
2299 0.039877065339129041504976329228
2300 0.039867052901449573951816786976
2301 0.039842069436531721856675789465
2302 0.039827415165159816953550239895
2303 0.039843778793965809334877461463
2304 0.039828737759029815273321228378
2305 0.039819837664405665242144856174
2306 0.039811028457181834527098808582
2307 0.039801855178969284891335388207
2308 0.039762692565151518639661992567
2309 0.039751986734773949938176374647
2310 0.039739036292185855630371409051
2311 0.039725310385659429998038663540
2312 0.039718419214313757886816705005
2313 0.039722676716260406048018996586
2314 0.039741998650792329897143448271
2315 0.039734503742921031386427159643
2316 0.039729587706030511127404186468
2317 0.039712434114868610380334360770
2318 0.039705341688550965399640412821
2319 0.039699121398031146115071054816
2320 0.039694178713032287512949099548
2321 0.039681863031011115418701307530
2322 0.039686190413150177093446689885
2323 0.039681311490911417198730589527
2324 0.039678323685473646647971301884
2325 0.039661526394581054617104589680
2326 0.039655682632066734558653072124
2327 0.039651140912385040405031988874
2328 0.039653458649820274101667610957
2329 0.039653223268236665085196313609
2330 0.039647025770759332109793762645
2331 0.039652542219366868323581963484
2332 0.039651527571525145662239952299
2333 0.039644726766531283083970301605
2334 0.039650609992437793927179206984
2335 0.039651607864769192345407471165
2336 0.039617101787404507242489350195
2337 0.039592692435527540084623914367
2338 0.039583914035905371510543430113
2339 0.039575032341069454128143224841
2340 0.039558034085167781611757525560
2341 0.039552463681346031045131844466
2342 0.039537475490495605217031858147
2343 0.039528264448312653758134440568
2344 0.039520650545681356617845504543
2345 0.039518210093242441358144550708
2346 0.039517332907639253205208888874
2347 0.039515976956974133035558819530
2348 0.039504282149625042385403188912
2349 0.039503763323097708977911631256
2350 0.039484033013030955276370940248
2351 0.039463379408470540597662681409
2352 0.039458264245202943167367155114
2353 0.039438834039931722149401999715
2354 0.039425474533689628778045275965
2355 0.039443703272099509638169816727
2356 0.039433364897535451639354610304
2357 0.039425102962220217114523347762
2358 0.039390100971524535553965834852
2359 0.039387094820873628170251860110
2360 0.039379131972085208740388399775
2361 0.039374228800871867413068495370
2362 0.039372763522652560305010480100
2363 0.039369255339843729737359412419
2364 0.039372114065053306409630395847
2365 0.039351210324017346454266464653
2366 0.039349335753920756795451238456
2367 0.039347944110774361313469147964
2368 0.039333292398402283994627806942
2369 0.039327269300684178543123730609
2370 0.039321965642116142796338798117
2371 0.039321341645216784093648820800
2372 0.039308087090836417005973797952
2373 0.039300228734238222475419087873
2374 0.039288465516351040448927758884
2375 0.039280743205233388162348541024
2376 0.039279732193572537975080477973
2377 0.039271588924990845580378858784
2378 0.039263714805581799521232108877
2379 0.039256189337815131384038869051
2380 0.039245982580508410779174850005
2381 0.039244423004159098776755523752
2382 0.039243288764224582548363400143
2383 0.039242660799171171518556674444
2384 0.039207746411313664206194324912
2385 0.039190761161931817449325454838
2386 0.039168171308420848689300326926
2387 0.039145811269012088458964340994
2388 0.039131333298409006170812245299
2389 0.039123702818003250144986764277
2390 0.039114272762800077948690311733
2391 0.039085423076181747378607939257
2392 0.039090140000817574508106237266
2393 0.039091513715127801759855577126
2394 0.039069871436650415896347804161
2395 0.039069775240870980261594135043
2396 0.039057412466129981415028126599
2397 0.039039888316816279359449638155
2398 0.039036137541407004035442477770
2399 0.039032091989800361064512882781
2400 0.039020590772773084439643834714
2401 0.039015102368924795358253546633
2402 0.039007125546053724157514710227
2403 0.039002324694717353699996856685
2404 0.039002664666852374929424100646
2405 0.038996229327987822133395111622
2406 0.038988680853109839919852071256
2407 0.038998126987608747217653019869
2408 0.038963561216762687992058669278
2409 0.038945177290158664006988871956
2410 0.038931759822486825785544812639
2411 0.038925714809123527609724408876
2412 0.038954024446104537568751657825
2413 0.038898086645579421557701379274
2414 0.038880068965664159089222349714
2415 0.038912353228301546576796204698
2416 0.038864193496587374763514499207
2417 0.038859430955534432793928628055
2418 0.038897395008526496741475733219
2419 0.038845958977818891740968921033
2420 0.038812117351188319513030020359
2421 0.038869448650725900016640046976
2422 0.038861328999362996066596915432
2423 0.038795634064824097458703260960
2424 0.038780154314038239987263344316
2425 0.038774403625214018609789044277
2426 0.038822179189182861006168438394
2427 0.038763904342214689021881000352
2428 0.038754119865358711506630668282
2429 0.038742207932740941081846134529
2430 0.038733128988843587230151132036
2431 0.038741882661586371164516242038
2432 0.038753763117733327421656332788
2433 0.038699616454454791539911139457
2434 0.038674341008335123090914455979
2435 0.038668199794049814611368261528
2436 0.038661199614330416376998008468
2437 0.038694298897500145173704313656
2438 0.038634515942212858380074586951
2439 0.038636885168604446703457817263
2440 0.038700980064505900021425210549
2441 0.038609631421698544923505525070
2442 0.038606056182651082953864561289
2443 0.038601166583116966073142588774
2444 0.038610168193309243716824126410
2445 0.038593098199590724594109451223
2446 0.038586579929755572527501685685
2447 0.038589022323173292099780739973
2448 0.038588311082369436784116813657
2449 0.038611173010865575402475571711
2450 0.038577250313518610812423092202
2451 0.038563299864548635347975810388
2452 0.038571104714155682966538094864
2453 0.038566736612942068808311781269
2454 0.038569627509962938235439776672
2455 0.038563730595961410489700633466
2456 0.038537307542765517365421220092
2457 0.038553962149309291520331094915
2458 0.038544316609821689146582649889
2459 0.038530686458657562777413648130
2460 0.038523264870705679506186220328
2461 0.038521729982295270522393010796
2462 0.038522944998841518083831439750
2463 0.038513622367606501389335648410
2464 0.038496770134049763831641993066
2465 0.038488497185555367784259198156
2466 0.038485280698510222594239572226
2467 0.038484254492955294237037927320
2468 0.038480280118115818509674539495
2469 0.038461615283881949475825054411
2470 0.038455425486856876759700078928
2471 0.038453735011655504056629498440
2472 0.038446331997175200723082862653
2473 0.038446228135356852666376065741
2474 0.038447825934094734832632555141
2475 0.038439026463539169039773262629
2476 0.038435714554887141219252746781
2477 0.038434467818821541569148534735
2478 0.038433917491296468680583902810
2479 0.038444723232432030904111230849
2480 0.038411549222940247018058484603
2481 0.038388706685521430815392134197
2482 0.038389149073449953939044752829
2483 0.038385271879147166412900811083
2484 0.038371431693513253113741611133
2485 0.038370952494140334566976870636
2486 0.038360828185541684844952847600
2487 0.038357218629671032427654261231
2488 0.038355842696838093133909162150
2489 0.038353548223926984276364403593
2490 0.038353508864504973597814189434
2491 0.038353946345634753916495123863
2492 0.038334387961407809936107442929
2493 0.038328076713389571450728938371
2494 0.038312742207324601892437028218
2495 0.038301855403635051664893007525
2496 0.038299763473092157125759145696
2497 0.038294964540607262195335324152
2498 0.038294277101650972450507730783
2499 0.038292964637129629590175403692
2500 0.038290838492163696917258108608
2501 0.038290579327314493864355072384
2502 0.038289000541994462867516603084
2503 0.038288759833350582683347624026
2504 0.038260147767919961797767762614
2505 0.038251383528385211910626332280
2506 0.038220670273024395338270575309
2507 0.038217014233471059995902860056
2508 0.038214522418862766275833402270
2509 0.038200365835572848075256369988
2510 0.038196096292828912650845359286
2511 0.038184980990021978248442788030
2512 0.038163375140945846521657999558
2513 0.038164622024323681159049683655
2514 0.038158322251125992263046417339
2515 0.038163929461927571695427364426
2516 0.038154282061492618088274814716
2517 0.038147470730670788870123538856
2518 0.038139674587100746759854673938
2519 0.038134041746575168264728763461
2520 0.038123499438207343512271531945
2521 0.038123348189514352723337725956
2522 0.038114147873434597487088672911
2523 0.038112308371891994716112696276
2524 0.038104099303452514364429647800
2525 0.038103354948778183806634385456
2526 0.038094751599272914361031384864
2527 0.038101642897122265100496408332
2528 0.038074715841185159965874602242
2529 0.038027823619374038499706283842
2530 0.038029215648288229671137065415
2531 0.037999921788681906058118599922
2532 0.037994936593706779319599919785
2533 0.037980343612547758834117549023
2534 0.037970796201148605980511234397
2535 0.037968746502098747390616782569
2536 0.037972479932322330631729774577
2537 0.037955904027624900498903238921
2538 0.037948346419318314666781778621
2539 0.037941332450031230771659827082
2540 0.037938010117603802731019463541
2541 0.037934394644154905469656233962
2542 0.037937924425378448902400637421
2543 0.037920683301108867895163866227
2544 0.037918785993310598715843006787
2545 0.037918742272583779080820987171
2546 0.037902653034161813595677143229
2547 0.037894065549694768284946921266
2548 0.037881816214363358044205953041
2549 0.037885400492846348936563256319
2550 0.037876951999007386470766897604
2551 0.037872013911558316854074299993
2552 0.037853925865337464422519918786
2553 0.037837543951699360339053429598
2554 0.037833948722561508350552345362
2555 0.037829704000027302561213537096
2556 0.037822603940405201613819510374
2557 0.037818327617776157420850799675
2558 0.037808402531332751521368228618
2559 0.037810787502236765464339244221
2560 0.037790503816108768562361163496
2561 0.037790389573751915926284184836
2562 0.037786982640523634192560015119
2563 0.037781723270704176490022722111
2564 0.037764884095630366220640948605
2565 0.037751525785864442472888053249
2566 0.037742207467217099399290399831
2567 0.037719700284437856167465507975
2568 0.037701540193957228373352027359
2569 0.037696158377049167897519404495
2570 0.037686577925706275112979966213
2571 0.037662954407753426940002818756
2572 0.037653222088483355338049606654
2573 0.037651007976811151784654036477
2574 0.037635308931865164649342651753
2575 0.037651046576827980830316996853
2576 0.037621589417824562118876756899
2577 0.037600712542610335145378541009
2578 0.037598689622920475460181576177
2579 0.037600498806349001236859318928
2580 0.037588116906167366942375224803
2581 0.037584944199221056317430834865
2582 0.037587922608135051017244043805
2583 0.037580911089588736447685261591
2584 0.037576354299745546364722372810
2585 0.037567865828693735630868999506
2586 0.037564952212468970858578811736
2587 0.037562043203363849228445142643
2588 0.037551518519171768192633676859
2589 0.037532992183066270272675452447
2590 0.037505092085970232938750161864
2591 0.037505306894035548190764366078
2592 0.037482645211154045947285436611
2593 0.037459996837010317096875207337
2594 0.037480470039099622759120102384
2595 0.037439663797585414104027173296
2596 0.037461135922520469065180267581
2597 0.037454554748830831326952810863
2598 0.037443709566495889938354495137
2599 0.037435051128370590458823743414
2600 0.037377996506191193215728547327
2611 0.037368690135250871984785980353
2623 0.037300920522679184961239360200
2635 0.037244923076060101923175380017
2647 0.037185889786099520651887948423
2653 0.037178884328707698148472616839
2665 0.037071227692985989368501565839
2677 0.037015205440699752051525224031
2689 0.036938839753400155660230097123
2713 0.036753430595083723628302582945
2725 0.036600351718918697663031888054
2737 0.036541197847089588421987209563
2749 0.036427489829495063948684184167
2773 0.036227059677023331927780048870
2779 0.036214020998173242404968840742
2791 0.036172492918534982595598866812
2803 0.036081869941469619259310565889
2815 0.036048832662466392301390326259
2839 0.035928222258585982425134250393
2857 0.035791533740072464815343900994
2869 0.035724163603629084288785184987
2893 0.035576579799537627017626587206
2905 0.035469244507917110688924106531
2917 0.035376186146830037758259662273
2929 0.035282268043066603750465419799
2941 0.035171655121652739286757421048
2965 0.035079972529826212184432048980
2989 0.034963814133745556102737877241
3000 0.034931373450237982360698222511
3001 0.034943538118549512942119539195
3013 0.034838403629611394124837192452
3025 0.034784515967732369926871354939
3037 0.034736813171155506644495282641
3049 0.034632057124902760295570836763
3055 0.034620875379248499974380158134
3067 0.034527367619727837483836450621
3079 0.034462276516990319726823821693
3091 0.034404726183297240695790208848
3103 0.034274317733627876549585917959
3115 0.034230785878030013637126614833
3121 0.034181740182996567609010263736
3145 0.034049663518231667112601156800
3169 0.033949969660334621183365596899
3181 0.033912771736962213454954175119
3193 0.033869302772676214568605221898
3205 0.033809727278181690320268525577
3217 0.033728630673923499297790789228
3241 0.033589023878365345081890997428
3253 0.033539048577915547533907904489
3259 0.033521928835174783003623698308
3283 0.033341046939245619458864948595
3295 0.033295355166883775157927383490
3307 0.033170980820545030464896510842
3319 0.033127122716330997804522399940
3331 0.033094449678882195869741101773
3343 0.033015233992922651685871909808
3355 0.032968106535201443326336636441
3367 0.032939456111504612334462787218
3403 0.032812580022436825861739162835
3415 0.032740342521245222240936013320
3427 0.032692348426661829679540358554
3439 0.032612480418202023912235137153
3463 0.032481395463423587544606936342
3481 0.032361303043631017921317456797
3493 0.032294169244130290910067961205
3505 0.032239468403740357279374901738
3511 0.032231059764768183956574033299
3535 0.032091841661210449309617727891
3547 0.032071591524266776527349993208
3559 0.032058979378794051730550219969
3571 0.032005972829841422919006506913
3595 0.031885171993665083044147692529
3607 0.031845688452667259025993592711
3619 0.031800146563958710495279336077
3631 0.031727738752294173589198262877
3643 0.031696194513261459608430101275
3655 0.031598772541049592976124335484
3667 0.031560582918103832300932597864
3679 0.031482310594785731089773661345
3691 0.031415039947364569792658260140
3697 0.031403865663534752599613430289
3721 0.031291861609516446933346758888
3745 0.031227800614059078869560258147
3757 0.031182850262908685438525119198
3781 0.031090921196921351761756136991
3793 0.031072979392754904093240036871
3805 0.030975936009295732783690471940
3817 0.030933383106916679827510069809
3829 0.030903148650947955982826600125
3853 0.030798014207534563814633419196
3865 0.030747541234408550500341043119
3877 0.030681182125113318698624325383
3889 0.030629877073259646791703657143
3901 0.030544132083565632376899995018
3919 0.030484873413713084161946665579
3931 0.030440300245658046131996105030
3943 0.030384213887021472865969804489
3949 0.030385661181146660953413506557
3973 0.030326524323769264986007529432
3985 0.030294591306387546230090411905
4000 0.030220495160214838030604924041
4009 0.030206267228981834543921368211
4021 0.030158574006797621613366495179
4033 0.030100931640270021316995580613
4045 0.030030964719200974149755861797
4057 0.029988536005768802094050773579
4069 0.029950089434054176938079526559
4081 0.029901824697707768327322174751
4093 0.029841837388631117270737432833
4105 0.029808763765549863918611466817
4117 0.029747016420192940059319251693
4141 0.029636252852259370712065524803
4153 0.029625267363974410668619693382
4177 0.029572982160747706009234942837
4189 0.029520810749578337866317204475
4195 0.029517565882083585915103769536
4219 0.029422858267444048666581689029
4231 0.029400016505726327103100532020
4243 0.029367881303661988830400595861
4255 0.029303589364049772783257406222
4267 0.029266178282136244410031518357
4303 0.029103173291392544440132545978
4315 0.029063373386166098285472520120
4339 0.028971679403334048877319428727
4345 0.028959806488685914090377569914
4357 0.028922638247972765205639039461
4381 0.028863215461751381425451139555
4405 0.028788945344276178225558661278
4417 0.028768811680021495196129557091
4429 0.028727209701001036261525955982
4447 0.028650539485226244875426708584
4459 0.028622162603945260342015213155
4471 0.028577884089323968502491268534
4483 0.028559891734857251241581600851
4495 0.028496434180484843506165309242
5000 0.027006458856242533724260274080
